{
 "cells": [
  {
   "cell_type": "code",
   "execution_count": 1,
   "metadata": {},
   "outputs": [],
   "source": [
    "import numpy as np\n"
   ]
  },
  {
   "cell_type": "code",
   "execution_count": 2,
   "metadata": {},
   "outputs": [
    {
     "data": {
      "text/plain": [
       "array([[-0.58415628,  1.20542005, -0.30264321, -0.82895398, -0.81364441,\n",
       "         1.15952336],\n",
       "       [ 0.23924157,  0.2744488 ,  0.53731035,  0.20742056, -0.2426017 ,\n",
       "         0.71755765],\n",
       "       [-0.05278791,  0.26483425, -1.72605259,  1.26674092, -0.96364581,\n",
       "        -0.70849673],\n",
       "       [ 1.20765739, -1.00884526, -1.21428499,  0.68116423, -0.9874259 ,\n",
       "         1.69206921],\n",
       "       [ 1.12116048,  0.05573635, -0.66657665, -0.16609526,  1.55916131,\n",
       "        -0.52138532]])"
      ]
     },
     "execution_count": 2,
     "metadata": {},
     "output_type": "execute_result"
    }
   ],
   "source": [
    "arr=np.random.randn(5,6)\n",
    "arr"
   ]
  },
  {
   "cell_type": "code",
   "execution_count": 4,
   "metadata": {},
   "outputs": [
    {
     "data": {
      "text/plain": [
       "1.6920692140986386"
      ]
     },
     "execution_count": 4,
     "metadata": {},
     "output_type": "execute_result"
    }
   ],
   "source": [
    "arr.max()"
   ]
  },
  {
   "cell_type": "code",
   "execution_count": 5,
   "metadata": {},
   "outputs": [
    {
     "data": {
      "text/plain": [
       "-1.7260525877881383"
      ]
     },
     "execution_count": 5,
     "metadata": {},
     "output_type": "execute_result"
    }
   ],
   "source": [
    "arr.min()"
   ]
  },
  {
   "cell_type": "code",
   "execution_count": 6,
   "metadata": {},
   "outputs": [
    {
     "data": {
      "text/plain": [
       "0.0467283492580787"
      ]
     },
     "execution_count": 6,
     "metadata": {},
     "output_type": "execute_result"
    }
   ],
   "source": [
    "arr.mean()"
   ]
  },
  {
   "cell_type": "code",
   "execution_count": 7,
   "metadata": {},
   "outputs": [
    {
     "data": {
      "text/plain": [
       "0.9005016173555619"
      ]
     },
     "execution_count": 7,
     "metadata": {},
     "output_type": "execute_result"
    }
   ],
   "source": [
    "arr.std()"
   ]
  },
  {
   "cell_type": "code",
   "execution_count": 8,
   "metadata": {},
   "outputs": [
    {
     "data": {
      "text/plain": [
       "0.8109031628599828"
      ]
     },
     "execution_count": 8,
     "metadata": {},
     "output_type": "execute_result"
    }
   ],
   "source": [
    "arr.var()"
   ]
  },
  {
   "cell_type": "code",
   "execution_count": 10,
   "metadata": {},
   "outputs": [
    {
     "data": {
      "text/plain": [
       "array([[-0.82895398, -0.81364441, -0.58415628, -0.30264321,  1.15952336,\n",
       "         1.20542005],\n",
       "       [-0.2426017 ,  0.20742056,  0.23924157,  0.2744488 ,  0.53731035,\n",
       "         0.71755765],\n",
       "       [-1.72605259, -0.96364581, -0.70849673, -0.05278791,  0.26483425,\n",
       "         1.26674092],\n",
       "       [-1.21428499, -1.00884526, -0.9874259 ,  0.68116423,  1.20765739,\n",
       "         1.69206921],\n",
       "       [-0.66657665, -0.52138532, -0.16609526,  0.05573635,  1.12116048,\n",
       "         1.55916131]])"
      ]
     },
     "execution_count": 10,
     "metadata": {},
     "output_type": "execute_result"
    }
   ],
   "source": [
    "arr.sort()\n",
    "arr"
   ]
  },
  {
   "cell_type": "code",
   "execution_count": 22,
   "metadata": {},
   "outputs": [],
   "source": [
    "x=np.array([[1,2,3],[8,9,10]])\n",
    "y=np.array([[11,22],[44,55],[99,00,]])"
   ]
  },
  {
   "cell_type": "code",
   "execution_count": 23,
   "metadata": {},
   "outputs": [
    {
     "data": {
      "text/plain": [
       "array([[ 1,  2,  3],\n",
       "       [ 8,  9, 10]])"
      ]
     },
     "execution_count": 23,
     "metadata": {},
     "output_type": "execute_result"
    }
   ],
   "source": [
    "x"
   ]
  },
  {
   "cell_type": "code",
   "execution_count": 24,
   "metadata": {},
   "outputs": [
    {
     "data": {
      "text/plain": [
       "array([[11, 22],\n",
       "       [44, 55],\n",
       "       [99,  0]])"
      ]
     },
     "execution_count": 24,
     "metadata": {},
     "output_type": "execute_result"
    }
   ],
   "source": [
    "y"
   ]
  },
  {
   "cell_type": "code",
   "execution_count": 25,
   "metadata": {},
   "outputs": [
    {
     "data": {
      "text/plain": [
       "array([[ 396,  132],\n",
       "       [1474,  671]])"
      ]
     },
     "execution_count": 25,
     "metadata": {},
     "output_type": "execute_result"
    }
   ],
   "source": [
    "np.dot(x,y)"
   ]
  },
  {
   "cell_type": "code",
   "execution_count": 26,
   "metadata": {},
   "outputs": [
    {
     "data": {
      "text/plain": [
       "array([[187, 220, 253],\n",
       "       [484, 583, 682],\n",
       "       [ 99, 198, 297]])"
      ]
     },
     "execution_count": 26,
     "metadata": {},
     "output_type": "execute_result"
    }
   ],
   "source": [
    "y.dot(x)"
   ]
  },
  {
   "cell_type": "code",
   "execution_count": 28,
   "metadata": {},
   "outputs": [
    {
     "data": {
      "text/plain": [
       "array([33., 99., 99.])"
      ]
     },
     "execution_count": 28,
     "metadata": {},
     "output_type": "execute_result"
    }
   ],
   "source": [
    "y.dot(np.ones(2))"
   ]
  },
  {
   "cell_type": "code",
   "execution_count": 48,
   "metadata": {},
   "outputs": [],
   "source": [
    "from numpy.linalg import inv,qr,det,eig"
   ]
  },
  {
   "cell_type": "code",
   "execution_count": 34,
   "metadata": {},
   "outputs": [
    {
     "data": {
      "text/plain": [
       "array([[ 0.81604759,  0.1442816 , -0.79095859],\n",
       "       [-1.66956957,  0.16335624,  0.37113088],\n",
       "       [ 0.41437658,  0.52645523, -0.2150472 ],\n",
       "       [-0.52760685, -0.11369219, -1.24895966]])"
      ]
     },
     "execution_count": 34,
     "metadata": {},
     "output_type": "execute_result"
    }
   ],
   "source": [
    "x= np.random.randn(4,3)\n",
    "x"
   ]
  },
  {
   "cell_type": "code",
   "execution_count": 38,
   "metadata": {},
   "outputs": [
    {
     "data": {
      "text/plain": [
       "array([[ 3.90347315,  0.12314153, -0.69523952],\n",
       "       [ 0.12314153,  0.33758346, -0.02470999],\n",
       "       [-0.69523952, -0.02470999,  2.36949916]])"
      ]
     },
     "execution_count": 38,
     "metadata": {},
     "output_type": "execute_result"
    }
   ],
   "source": [
    "matrix=x.T.dot(x)\n",
    "matrix"
   ]
  },
  {
   "cell_type": "code",
   "execution_count": 39,
   "metadata": {},
   "outputs": [
    {
     "data": {
      "text/plain": [
       "array([[ 0.27324898, -0.09387716,  0.07919555],\n",
       "       [-0.09387716,  2.99674563,  0.00370645],\n",
       "       [ 0.07919555,  0.00370645,  0.44530569]])"
      ]
     },
     "execution_count": 39,
     "metadata": {},
     "output_type": "execute_result"
    }
   ],
   "source": [
    "inv(matrix)"
   ]
  },
  {
   "cell_type": "code",
   "execution_count": 40,
   "metadata": {},
   "outputs": [
    {
     "data": {
      "text/plain": [
       "array([[ 1.00000000e+00, -4.64038530e-17,  5.55111512e-17],\n",
       "       [ 6.50521303e-18,  1.00000000e+00,  1.73472348e-18],\n",
       "       [-2.77555756e-17,  0.00000000e+00,  1.00000000e+00]])"
      ]
     },
     "execution_count": 40,
     "metadata": {},
     "output_type": "execute_result"
    }
   ],
   "source": [
    "matrix.dot(inv(matrix))"
   ]
  },
  {
   "cell_type": "code",
   "execution_count": 41,
   "metadata": {},
   "outputs": [
    {
     "data": {
      "text/plain": [
       "array([[-3.96681541, -0.13598555,  1.10019263],\n",
       "       [ 0.        , -0.33353402,  0.0086784 ],\n",
       "       [ 0.        ,  0.        ,  2.21088121]])"
      ]
     },
     "execution_count": 41,
     "metadata": {},
     "output_type": "execute_result"
    }
   ],
   "source": [
    "q,r=qr(matrix)\n",
    "r"
   ]
  },
  {
   "cell_type": "code",
   "execution_count": 44,
   "metadata": {},
   "outputs": [
    {
     "data": {
      "text/plain": [
       "2.925145963270891"
      ]
     },
     "execution_count": 44,
     "metadata": {},
     "output_type": "execute_result"
    }
   ],
   "source": [
    "det(matrix)"
   ]
  },
  {
   "cell_type": "code",
   "execution_count": 49,
   "metadata": {},
   "outputs": [
    {
     "data": {
      "text/plain": [
       "(array([4.17567271, 2.1015473 , 0.33333577]),\n",
       " array([[ 9.32616118e-01,  3.59226981e-01, -3.43969693e-02],\n",
       "        [ 3.22361506e-02,  1.20053861e-02,  9.99408176e-01],\n",
       "        [-3.59427331e-01,  9.33172999e-01,  3.83678497e-04]]))"
      ]
     },
     "execution_count": 49,
     "metadata": {},
     "output_type": "execute_result"
    }
   ],
   "source": [
    "eig(matrix)"
   ]
  },
  {
   "cell_type": "code",
   "execution_count": null,
   "metadata": {},
   "outputs": [],
   "source": []
  }
 ],
 "metadata": {
  "kernelspec": {
   "display_name": "cv2",
   "language": "python",
   "name": "python3"
  },
  "language_info": {
   "codemirror_mode": {
    "name": "ipython",
    "version": 3
   },
   "file_extension": ".py",
   "mimetype": "text/x-python",
   "name": "python",
   "nbconvert_exporter": "python",
   "pygments_lexer": "ipython3",
   "version": "3.8.12"
  },
  "orig_nbformat": 4
 },
 "nbformat": 4,
 "nbformat_minor": 2
}
